teste <- 1
teste + 2
1 + 3 + 2
a <- 5
a + 50
