teste <- 1
teste + 2
1 + 3 + 4
